0.000998004
0.00199203
0.00298211
0.00396825
0.0049505
0.00592885
0.00690335
0.00787402
0.00884086
0.00980392
0.0107632
0.0117188
0.0126706
0.0136187
0.0145631
0.0155039
0.016441
0.0173745
0.0183044
0.0192308
0.0201536
0.0210728
0.0219885
0.0229008
0.0238095
0.0247148
0.0256167
0.0265152
0.0274102
0.0283019
0.0291902
0.0300752
0.0309568
0.0318352
0.0327103
0.0335821
0.0344507
0.035316
0.0361781
0.037037
0.0378928
0.0387454
0.0395948
0.0404412
0.0412844
0.0421245
0.0429616
0.0437956
0.0446266
0.0454545
0.0462795
0.0471014
0.0479204
0.0487365
0.0495495
0.0503597
0.051167
0.0519713
0.0527728
0.0535714
0.0543672
0.0551601
0.0559503
0.0567376
0.0575221
0.0583039
0.0590829
0.0598592
0.0606327
0.0614035
0.0621716
0.0629371
0.0636998
0.0644599
0.0652174
0.0659722
0.0667244
0.067474
0.0682211
0.0689655
0.0697074
0.0704467
0.0711835
0.0719178
0.0726496
0.0733788
0.0741056
0.0748299
0.0755518
0.0762712
0.0769882
0.0777027
0.0784148
0.0791246
0.0798319
0.0805369
0.0812395
0.0819398
0.0826377
0.0833333
0.0840266
0.0847176
0.0854063
0.0860927
0.0867769
0.0874587
0.0881384
0.0888158
0.089491
0.0901639
0.0908347
0.0915033
0.0921697
0.0928339
0.0934959
0.0941558
0.0948136
0.0954693
0.0961228
0.0967742
0.0974235
0.0980707
0.0987159
0.099359
0.1
0.100639
0.101276
0.101911
0.102544
0.103175
0.103803
0.10443
0.105055
0.105678
0.106299
0.106918
0.107535
0.10815
0.108764
0.109375
0.109984
0.110592
0.111198
0.111801
0.112403
0.113003
0.113601
0.114198
0.114792
0.115385
0.115975
0.116564
0.117152
0.117737
0.118321
0.118902
0.119482
0.120061
0.120637
0.121212
0.121785
0.122356
0.122926
0.123494
0.12406
0.124625
0.125187
0.125749
0.126308
0.126866
0.127422
0.127976
0.128529
0.12908
0.12963
0.130178
0.130724
0.131268
0.131811
0.132353
0.132893
0.133431
0.133968
0.134503
0.135036
0.135569
0.136099
0.136628
0.137155
0.137681
0.138205
0.138728
0.13925
0.139769
0.140288
0.140805
0.14132
0.141834
0.142346
0.142857
0.143367
0.143875
0.144381
0.144886
0.14539
0.145892
0.146393
0.146893
0.147391
0.147887
0.148383
0.148876
0.149369
0.14986
0.15035
0.150838
0.151325
0.151811
0.152295
0.152778
0.153259
0.15374
0.154219
0.154696
0.155172
0.155647
0.156121
0.156593
0.157064
0.157534
0.158003
0.15847
0.158936
0.159401
0.159864
0.160326
0.160787
0.161247
0.161705
0.162162
0.162618
0.163073
0.163526
0.163978
0.16443
0.164879
0.165328
0.165775
0.166222
0.166667
0.167111
0.167553
0.167995
0.168435
0.168874
0.169312
0.169749
0.170185
0.170619
0.171053
0.171485
0.171916
0.172346
0.172775
0.173203
0.173629
0.174055
0.174479
0.174902
0.175325
0.175746
0.176166
0.176585
0.177003
0.177419
0.177835
0.17825
0.178663
0.179076
0.179487
0.179898
0.180307
0.180715
0.181122
0.181529
0.181934
0.182338
0.182741
0.183143
0.183544
0.183944
0.184343
0.184741
0.185139
0.185535
0.18593
0.186324
0.186717
0.187109
0.1875
0.18789
0.188279
0.188667
0.189055
0.189441
0.189826
0.190211
0.190594
0.190977
0.191358
0.191739
0.192118
0.192497
0.192875
0.193252
0.193627
0.194002
0.194377
0.19475
0.195122
0.195493
0.195864
0.196233
0.196602
0.19697
0.197337
0.197703
0.198068
0.198432
0.198795
0.199158
0.199519
0.19988
0.20024
0.200599
0.200957
0.201314
0.201671
0.202026
0.202381
0.202735
0.203088
0.20344
0.203791
0.204142
0.204492
0.204841
0.205189
0.205536
0.205882
0.206228
0.206573
0.206917
0.20726
0.207602
0.207944
0.208285
0.208625
0.208964
0.209302
0.20964
0.209977
0.210313
0.210648
0.210983
0.211316
0.211649
0.211982
0.212313
0.212644
0.212974
0.213303
0.213631
0.213959
0.214286
0.214612
0.214937
0.215262
0.215586
0.215909
0.216232
0.216553
0.216874
0.217195
0.217514
0.217833
0.218151
0.218468
0.218785
0.219101
0.219416
0.219731
0.220045
0.220358
0.22067
0.220982
0.221293
0.221604
0.221913
0.222222
0.222531
0.222838
0.223145
0.223451
0.223757
0.224062
0.224366
0.22467
0.224972
0.225275
0.225576
0.225877
0.226177
0.226477
0.226776
0.227074
0.227372
0.227669
0.227965
0.228261
0.228556
0.22885
0.229144
0.229437
0.22973
0.230022
0.230313
0.230603
0.230893
0.231183
0.231472
0.23176
0.232047
0.232334
0.23262
0.232906
0.233191
0.233475
0.233759
0.234043
0.234325
0.234607
0.234889
0.235169
0.23545
0.235729
0.236008
0.236287
0.236565
0.236842
0.237119
0.237395
0.237671
0.237945
0.23822
0.238494
0.238767
0.23904
0.239312
0.239583
0.239854
0.240125
0.240395
0.240664
0.240933
0.241201
0.241468
0.241736
0.242002
0.242268
0.242533
0.242798
0.243063
0.243326
0.24359
0.243852
0.244115
0.244376
0.244637
0.244898
0.245158
0.245418
0.245677
0.245935
0.246193
0.24645
0.246707
0.246964
0.247219
0.247475
0.24773
0.247984
0.248238
0.248491
0.248744
0.248996
0.249248
0.249499
0.24975
0.25
