Variational parameter E E2 variance 
0.001 -0.00196665
0.002 -0.00196666
0.003 -0.00386659
0.004 -0.00746612
0.005 -0.0123669
0.006 -0.0179696
0.007 -0.0234876
0.008 -0.0278456
0.009 -0.0299253
0.01 -0.0284027
0.011 -0.0214272
0.012 -0.00729861
0.013 0.0157089
0.014 0.0499367
0.015 0.0985573
0.016 0.162052
0.017 0.245877
0.018 0.351111
0.019 0.48219
0.02 0.640855
0.021 0.835269
0.022 1.06257
0.023 1.32949
0.024 1.64085
0.025 2.00346
0.026 2.4139
0.027 2.88539
0.028 3.43818
0.029 4.02831
0.03 4.70516
0.031 5.46729
0.032 6.28212
0.033 7.24994
0.034 8.27728
0.035 9.40912
0.036 10.6613
0.037 11.9918
0.038 13.5052
0.039 15.1128
0.04 16.8755
0.041 18.7501
0.042 20.8474
0.043 23.0394
0.044 25.4603
0.045 27.9853
0.046 30.6748
0.047 33.6682
0.048 36.9272
0.049 40.2603
0.05 43.7739
0.051 47.538
